1048576.0 524725.0 524512.0 523584.0 523978.0 523766.0 524040.0 523909.0 524827.0 524448.0 524170.0 523848.0 524976.0 524994.0 524610.0 523836.0 524375.0 523705.0 524403.0 524323.0 523447.0 524027.0 524324.0 524870.0 524030.0 524479.0 524466.0 524069.0 524885.0 524108.0 523928.0 523838.0 524977.0 523790.0 523902.0 524801.0 525116.0 524025.0 524983.0 524852.0 523597.0 524148.0 524008.0 524398.0 524222.0 524217.0 524456.0 524136.0 524688.0 524507.0 523909.0 524177.0 525157.0 525090.0 523949.0 523635.0 524708.0 525059.0 525265.0 524273.0 524316.0 524501.0 523888.0 523389.0
1048576.0 524248.0 524790.0 525005.0 524511.0 524262.0 523477.0 524067.0 524255.0 524153.0 525108.0 524329.0 524483.0 523993.0 523861.0 523475.0 523746.0 522904.0 524085.0 524531.0 524289.0 524728.0 523915.0 524579.0 524867.0 524199.0 524084.0 524046.0 525590.0 524013.0 524173.0 524311.0 524166.0 523680.0 523852.0 524692.0 524019.0 524149.0 524287.0 523842.0 524626.0 523794.0 525184.0 523779.0 523279.0 523225.0 523699.0 523310.0 524050.0 523992.0 523455.0 525667.0 524271.0 525259.0 524028.0 524802.0 524629.0 524016.0 524832.0 523488.0 523770.0 524214.0 524774.0 524977.0
1048576.0 524065.0 524982.0 524009.0 524737.0 524763.0 524601.0 523446.0 524041.0 524602.0 524180.0 524030.0 524112.0 524226.0 524594.0 524754.0 523770.0 524234.0 524616.0 524673.0 523809.0 524630.0 524774.0 523595.0 524481.0 524088.0 524543.0 524525.0 524316.0 525313.0 524933.0 524361.0 524852.0 524146.0 524403.0 523126.0 524112.0 523940.0 524457.0 523843.0 523956.0 524903.0 524817.0 523950.0 524873.0 524503.0 524659.0 524458.0 523936.0 523871.0 524172.0 524825.0 523711.0 524469.0 523662.0 524526.0 523656.0 523948.0 523581.0 523768.0 525199.0 524590.0 524970.0 525088.0
1048576.0 523591.0 524493.0 523753.0 524868.0 524310.0 524449.0 524069.0 524706.0 524816.0 524499.0 523724.0 524038.0 523888.0 525099.0 524341.0 523978.0 525033.0 524164.0 523657.0 523914.0 524062.0 525120.0 524342.0 524650.0 525174.0 524908.0 524313.0 524127.0 523628.0 525394.0 524645.0 523787.0 523903.0 524801.0 523756.0 523575.0 524183.0 525043.0 523263.0 524555.0 523556.0 524731.0 523904.0 523527.0 525320.0 524561.0 524812.0 523991.0 523141.0 524531.0 525072.0 525293.0 524802.0 524183.0 523994.0 523571.0 524708.0 524873.0 523976.0 524410.0 524391.0 524047.0 524675.0
1048576.0 524376.0 524208.0 523740.0 523807.0 525321.0 523994.0 524248.0 524629.0 525139.0 524361.0 525000.0 524172.0 524184.0 523555.0 524456.0 524724.0 524319.0 524028.0 524532.0 524555.0 523439.0 524034.0 524101.0 524330.0 524215.0 524398.0 525679.0 524488.0 524207.0 523225.0 523794.0 523866.0 524339.0 524207.0 524256.0 524515.0 524814.0 524340.0 524710.0 524121.0 523796.0 524392.0 523554.0 524331.0 524746.0 523603.0 523360.0 523888.0 524757.0 524754.0 524515.0 523875.0 525145.0 524610.0 523944.0 523056.0 524926.0 524347.0 524602.0 523476.0 525072.0 523931.0 524438.0
1048576.0 525024.0 524674.0 524645.0 524171.0 524017.0 524577.0 523042.0 523436.0 523919.0 524673.0 524855.0 523393.0 524750.0 524509.0 525212.0 524302.0 523500.0 523922.0 524971.0 524234.0 524091.0 523698.0 525417.0 523883.0 523349.0 523737.0 524136.0 524745.0 523332.0 524476.0 524273.0 524307.0 524559.0 524328.0 524369.0 523591.0 524880.0 524357.0 524295.0 524870.0 525132.0 524315.0 524281.0 524503.0 524239.0 524570.0 524180.0 524244.0 524618.0 524226.0 524592.0 523580.0 524652.0 524463.0 523986.0 524095.0 523771.0 523989.0 524780.0 523801.0 523449.0 525056.0 524728.0
1048576.0 523572.0 523817.0 523099.0 524584.0 524833.0 524228.0 524602.0 523967.0 523597.0 524387.0 524665.0 524430.0 524277.0 524157.0 525531.0 524271.0 524543.0 524492.0 523561.0 524507.0 524241.0 524161.0 524724.0 524454.0 525300.0 524305.0 523767.0 524381.0 523990.0 525002.0 524439.0 524481.0 523527.0 524394.0 523815.0 524267.0 524048.0 524209.0 523952.0 524241.0 523532.0 523817.0 524948.0 524248.0 523475.0 524068.0 524615.0 524545.0 525097.0 523990.0 524664.0 524257.0 524635.0 523877.0 524867.0 524773.0 524019.0 524065.0 525231.0 523930.0 524497.0 525292.0 523358.0
1048576.0 524549.0 524805.0 524496.0 523507.0 523585.0 524523.0 523416.0 525167.0 524370.0 523908.0 524029.0 524118.0 523856.0 525578.0 523500.0 524762.0 525550.0 524675.0 524858.0 523643.0 524422.0 524083.0 524136.0 524730.0 524782.0 524261.0 524054.0 523568.0 523577.0 524387.0 524884.0 524432.0 524241.0 524561.0 524292.0 524875.0 524537.0 525219.0 523911.0 524541.0 524484.0 524492.0 523911.0 523523.0 523522.0 524312.0 525328.0 524971.0 523695.0 524649.0 524358.0 524106.0 524347.0 524217.0 523508.0 524318.0 523380.0 524060.0 525077.0 523818.0 524238.0 523869.0 524212.0
1048576.0 524241.0 523712.0 525323.0 524444.0 524227.0 524267.0 524871.0 524807.0 523902.0 524348.0 524794.0 524264.0 524224.0 524298.0 524236.0 524830.0 524348.0 524323.0 525001.0 525318.0 524261.0 524905.0 523568.0 524449.0 524118.0 524804.0 523895.0 524492.0 524330.0 524696.0 523974.0 524287.0 525038.0 524742.0 524691.0 524151.0 523670.0 523876.0 523711.0 524591.0 524336.0 523038.0 525266.0 524524.0 524277.0 524324.0 523932.0 524069.0 524416.0 523744.0 524689.0 524398.0 524302.0 524605.0 524221.0 523892.0 523419.0 524859.0 524470.0 524005.0 524192.0 524970.0 524345.0
1048576.0 524554.0 524230.0 524127.0 524424.0 524142.0 523848.0 524839.0 524194.0 524566.0 524724.0 523652.0 523827.0 523969.0 524594.0 524898.0 524698.0 524578.0 524855.0 524078.0 524783.0 524544.0 525004.0 523854.0 524546.0 524896.0 524355.0 524815.0 525096.0 524062.0 524045.0 524450.0 524413.0 524915.0 524812.0 523670.0 523951.0 524287.0 524485.0 523927.0 523708.0 524270.0 524475.0 523891.0 524264.0 524054.0 524957.0 523898.0 524684.0 523664.0 523219.0 524764.0 524253.0 524591.0 525284.0 523996.0 524192.0 524643.0 524173.0 524678.0 523973.0 524169.0 524383.0 524638.0
1048576.0 524482.0 524270.0 524374.0 524424.0 524774.0 524151.0 524313.0 523656.0 524706.0 524416.0 524330.0 524260.0 524097.0 524735.0 523678.0 524717.0 524832.0 524035.0 523692.0 524926.0 524852.0 523774.0 523452.0 524994.0 525254.0 523553.0 524087.0 523876.0 525792.0 525170.0 524161.0 523559.0 524397.0 524668.0 524008.0 525025.0 523478.0 525122.0 523566.0 524699.0 523659.0 524475.0 525073.0 524250.0 523743.0 523980.0 524760.0 524381.0 524233.0 524576.0 524097.0 524183.0 524773.0 524919.0 524294.0 524055.0 524233.0 523400.0 523292.0 523867.0 524954.0 524243.0 524923.0
1048576.0 524541.0 525604.0 524317.0 524815.0 524378.0 524354.0 525208.0 524280.0 525210.0 524255.0 524075.0 524827.0 524715.0 524220.0 524379.0 524333.0 524100.0 524364.0 525438.0 524151.0 523699.0 523948.0 523752.0 523766.0 523862.0 522935.0 525155.0 523923.0 524316.0 524506.0 524099.0 524319.0 523734.0 524436.0 524084.0 524427.0 524299.0 523602.0 524716.0 523341.0 525151.0 524488.0 523848.0 523674.0 523090.0 524972.0 524280.0 524540.0 524303.0 524952.0 523704.0 524094.0 524602.0 524756.0 524700.0 524620.0 524510.0 524654.0 524871.0 524247.0 524738.0 525626.0 524706.0
1048576.0 524633.0 524160.0 525126.0 524430.0 523980.0 523792.0 524525.0 524939.0 523781.0 523017.0 523646.0 523575.0 524103.0 524720.0 524804.0 524179.0 524935.0 525109.0 524218.0 525029.0 524542.0 523950.0 524902.0 523574.0 523951.0 524346.0 525538.0 524661.0 524543.0 524740.0 524184.0 523960.0 524611.0 523414.0 524803.0 523878.0 524490.0 524971.0 524051.0 524472.0 523530.0 524434.0 524880.0 524892.0 524194.0 524948.0 524631.0 524889.0 524488.0 524736.0 525246.0 524861.0 525230.0 524423.0 524585.0 524759.0 523827.0 524003.0 524213.0 525385.0 524083.0 524848.0 524430.0
1048576.0 524105.0 524286.0 523853.0 524485.0 524042.0 523981.0 524023.0 523873.0 523806.0 524500.0 524274.0 524538.0 523994.0 524709.0 524439.0 523996.0 523549.0 524385.0 524701.0 524474.0 524408.0 524602.0 525334.0 524596.0 524347.0 524291.0 523617.0 523584.0 524437.0 523920.0 524280.0 523713.0 524914.0 523180.0 525266.0 524607.0 523529.0 524425.0 524336.0 524311.0 524983.0 524360.0 524567.0 524403.0 523637.0 525239.0 524982.0 524340.0 524593.0 524539.0 523430.0 524618.0 523655.0 523454.0 523931.0 524336.0 523853.0 524267.0 524767.0 523987.0 524326.0 524605.0 524413.0
1048576.0 524764.0 524803.0 523745.0 524151.0 523794.0 525159.0 523519.0 523547.0 524772.0 524585.0 525329.0 524203.0 524411.0 524669.0 524563.0 523950.0 524649.0 523513.0 524855.0 523736.0 524579.0 524887.0 524393.0 524089.0 523459.0 524244.0 524399.0 525100.0 524892.0 524415.0 524517.0 523421.0 523804.0 523530.0 524725.0 523299.0 524338.0 525309.0 524819.0 523144.0 524708.0 525000.0 524022.0 524337.0 523992.0 525019.0 524268.0 524673.0 523973.0 524498.0 524740.0 523761.0 524424.0 524500.0 524838.0 523648.0 524156.0 524685.0 525033.0 526121.0 524412.0 523792.0 524006.0
1048576.0 524688.0 524650.0 524540.0 523605.0 524607.0 524180.0 523464.0 524512.0 523642.0 524337.0 524127.0 524333.0 523812.0 524020.0 523662.0 524776.0 524463.0 523778.0 525420.0 523886.0 522993.0 523664.0 524576.0 524126.0 524837.0 524379.0 524728.0 523984.0 524099.0 524921.0 523523.0 523545.0 524029.0 524367.0 524371.0 524313.0 523651.0 524353.0 524125.0 524368.0 524030.0 525090.0 524608.0 523768.0 524718.0 523412.0 524673.0 524360.0 524261.0 523854.0 524308.0 523508.0 525015.0 524481.0 524151.0 524837.0 524584.0 524761.0 523666.0 524982.0 524734.0 524660.0 524127.0
1048576.0 524553.0 523698.0 524496.0 525024.0 524559.0 524599.0 524057.0 524635.0 524837.0 523781.0 524017.0 524979.0 524417.0 524115.0 524689.0 524048.0 524606.0 523685.0 524522.0 523621.0 524021.0 524584.0 524370.0 524035.0 524268.0 524225.0 523893.0 524090.0 525691.0 524476.0 524279.0 525003.0 524607.0 524385.0 524565.0 524116.0 524336.0 524169.0 524236.0 526004.0 524019.0 524714.0 524805.0 524867.0 524856.0 524386.0 524260.0 523802.0 524653.0 524687.0 524419.0 523892.0 523904.0 523873.0 523531.0 523522.0 524705.0 524144.0 524203.0 523963.0 524684.0 524342.0 523704.0
1048576.0 524544.0 524992.0 524577.0 524199.0 524146.0 524556.0 524506.0 523562.0 524312.0 524079.0 523991.0 524076.0 523855.0 524767.0 525128.0 525099.0 524448.0 524604.0 524642.0 524006.0 524176.0 524505.0 524098.0 525073.0 524355.0 523115.0 524756.0 524200.0 523769.0 525221.0 523800.0 524180.0 523590.0 524212.0 523705.0 524102.0 524815.0 523638.0 524043.0 524263.0 525131.0 524568.0 524334.0 523090.0 523982.0 524059.0 524211.0 524629.0 524918.0 524190.0 524728.0 524944.0 523883.0 524044.0 524311.0 524685.0 524213.0 524383.0 524507.0 524036.0 523947.0 523346.0 524417.0
1048576.0 524626.0 524506.0 525268.0 524806.0 524445.0 524835.0 525144.0 524238.0 523700.0 523867.0 524834.0 523668.0 524196.0 525006.0 523818.0 524617.0 525001.0 524047.0 523688.0 524292.0 523672.0 524081.0 524933.0 524811.0 524107.0 524208.0 524599.0 523519.0 524160.0 524134.0 524827.0 524138.0 523586.0 524508.0 523588.0 523678.0 524016.0 523924.0 524151.0 523921.0 524900.0 524404.0 523768.0 524051.0 523756.0 525296.0 524358.0 524756.0 524670.0 523831.0 523848.0 525045.0 523966.0 524567.0 523843.0 523753.0 523543.0 524652.0 525181.0 524264.0 524328.0 524302.0 524466.0
1048576.0 524128.0 523662.0 523369.0 524266.0 524485.0 523906.0 524284.0 523821.0 524152.0 523298.0 524163.0 524892.0 524462.0 524281.0 523979.0 524919.0 524253.0 524615.0 524216.0 524318.0 523873.0 523356.0 524744.0 524360.0 524047.0 523784.0 524017.0 524982.0 524793.0 524608.0 524492.0 525563.0 524031.0 524983.0 523891.0 523876.0 525320.0 525089.0 524074.0 524544.0 524016.0 524507.0 524216.0 525057.0 523835.0 524319.0 524035.0 524230.0 523855.0 524752.0 523539.0 524269.0 524108.0 524827.0 524553.0 523607.0 524191.0 524661.0 523987.0 524206.0 524281.0 524626.0 524923.0
1048576.0 523514.0 524048.0 525319.0 523880.0 524314.0 524428.0 523606.0 524271.0 524850.0 524135.0 524241.0 524449.0 524438.0 524444.0 524519.0 523866.0 524317.0 524242.0 524042.0 523126.0 523630.0 524170.0 524009.0 524355.0 524968.0 524112.0 524112.0 525482.0 524632.0 523889.0 524929.0 524866.0 523482.0 524160.0 524029.0 524742.0 523410.0 524369.0 524829.0 524380.0 524151.0 524802.0 524373.0 524060.0 523598.0 523846.0 524640.0 524084.0 524271.0 523851.0 524760.0 524938.0 523949.0 524381.0 524501.0 524883.0 523742.0 524245.0 523191.0 524853.0 524287.0 523387.0 524584.0
1048576.0 525107.0 524684.0 524361.0 523911.0 524766.0 524760.0 523802.0 524530.0 524504.0 524755.0 525444.0 524727.0 524923.0 524428.0 524146.0 523812.0 524621.0 523834.0 524642.0 523673.0 523540.0 524444.0 524382.0 525142.0 524685.0 524968.0 523254.0 524725.0 524470.0 523879.0 524886.0 523911.0 524774.0 524564.0 524107.0 524344.0 524821.0 523815.0 523719.0 523234.0 524373.0 524972.0 524075.0 525008.0 524330.0 524776.0 524422.0 523448.0 523866.0 524545.0 524738.0 524152.0 524409.0 524736.0 525295.0 524039.0 524157.0 524351.0 524510.0 524127.0 523832.0 525345.0 525271.0
1048576.0 524009.0 523835.0 524353.0 525362.0 524424.0 523766.0 523403.0 524793.0 524481.0 524578.0 524703.0 524863.0 524206.0 524173.0 524099.0 524187.0 523698.0 524386.0 524468.0 525793.0 524433.0 525508.0 524628.0 524605.0 524933.0 524234.0 524500.0 524950.0 524489.0 524369.0 524646.0 524325.0 524608.0 523979.0 523513.0 524485.0 524271.0 524217.0 524902.0 524210.0 523803.0 523883.0 524152.0 525028.0 525340.0 523974.0 523825.0 524773.0 524060.0 524407.0 524759.0 523364.0 524603.0 524707.0 524782.0 524149.0 524791.0 524354.0 524396.0 524748.0 523945.0 524134.0 524287.0
1048576.0 523700.0 524064.0 524099.0 524657.0 524567.0 524143.0 524555.0 524692.0 524294.0 524413.0 523610.0 524586.0 524325.0 524591.0 523677.0 524264.0 523857.0 524738.0 523659.0 523940.0 524431.0 523764.0 523820.0 524999.0 523596.0 523503.0 524393.0 524141.0 524661.0 524455.0 524289.0 524469.0 524106.0 523901.0 524071.0 523277.0 524382.0 524470.0 523685.0 523849.0 523845.0 524467.0 524473.0 524598.0 523723.0 524544.0 523352.0 523760.0 523944.0 524008.0 523576.0 523353.0 525139.0 524085.0 523654.0 525324.0 524840.0 524426.0 523380.0 523552.0 523540.0 524587.0 524678.0
1048576.0 523914.0 524091.0 523565.0 523628.0 522853.0 524193.0 524457.0 523859.0 523940.0 524856.0 523847.0 524971.0 524852.0 524078.0 524266.0 524324.0 524688.0 525024.0 524288.0 523519.0 523688.0 524516.0 524687.0 524341.0 524133.0 523983.0 524819.0 523933.0 523913.0 523401.0 524017.0 524079.0 523481.0 524116.0 523698.0 524715.0 524823.0 524129.0 525215.0 524903.0 524112.0 523427.0 523949.0 524879.0 524492.0 523568.0 524658.0 524568.0 523029.0 523384.0 524504.0 524729.0 524489.0 523546.0 523756.0 524845.0 523513.0 525314.0 522991.0 524663.0 524720.0 523093.0 524630.0
1048576.0 524899.0 523530.0 524444.0 523239.0 525226.0 524496.0 524301.0 523845.0 524218.0 523455.0 524520.0 524050.0 525031.0 524359.0 524274.0 525467.0 524291.0 525326.0 524567.0 524552.0 524109.0 525292.0 524116.0 524585.0 524024.0 524375.0 524337.0 524398.0 524169.0 523061.0 524575.0 523671.0 524057.0 523726.0 524963.0 525309.0 523677.0 524807.0 524920.0 523840.0 523994.0 524194.0 524766.0 524502.0 524299.0 524698.0 524315.0 523995.0 523968.0 523371.0 525357.0 524162.0 523832.0 523960.0 524611.0 523330.0 524790.0 524147.0 523823.0 523781.0 524000.0 523513.0 524321.0
1048576.0 524257.0 525560.0 525303.0 523741.0 524667.0 524650.0 524289.0 524487.0 523996.0 523985.0 523533.0 524579.0 524399.0 524385.0 523724.0 523536.0 524522.0 523994.0 523507.0 524380.0 523994.0 524219.0 524997.0 523846.0 523979.0 524120.0 524595.0 524060.0 524123.0 523940.0 523886.0 523060.0 524776.0 523585.0 525066.0 523891.0 523688.0 525557.0 524152.0 524631.0 524683.0 524613.0 524626.0 524791.0 524427.0 524140.0 524097.0 523970.0 524744.0 525586.0 523797.0 523509.0 524574.0 524244.0 524287.0 524522.0 522834.0 524412.0 523025.0 524474.0 524822.0 524678.0 524894.0
1048576.0 524037.0 525443.0 524985.0 523412.0 524594.0 524372.0 524180.0 524160.0 524931.0 523722.0 524331.0 524407.0 524261.0 524346.0 522655.0 523747.0 524496.0 523494.0 523078.0 524867.0 523567.0 524847.0 524568.0 523989.0 525216.0 524821.0 523655.0 523929.0 523872.0 524408.0 524744.0 523653.0 523875.0 524402.0 524910.0 524617.0 524005.0 523765.0 524997.0 523689.0 523780.0 524990.0 523719.0 524531.0 524367.0 525043.0 525260.0 523807.0 525020.0 524003.0 524263.0 523563.0 524304.0 524052.0 524191.0 524414.0 524740.0 524484.0 525247.0 523752.0 524391.0 523973.0 524286.0
1048576.0 524753.0 524305.0 523791.0 524885.0 524348.0 523755.0 524352.0 524637.0 524705.0 524225.0 524602.0 524567.0 524148.0 523794.0 523905.0 523726.0 524232.0 524422.0 524492.0 524702.0 524367.0 524434.0 524104.0 524166.0 524186.0 524146.0 524479.0 524426.0 523595.0 523606.0 523817.0 524221.0 523981.0 523373.0 524321.0 524172.0 523832.0 524942.0 524741.0 524269.0 523730.0 524665.0 524089.0 523883.0 524977.0 524063.0 524071.0 524738.0 524553.0 523744.0 525300.0 523536.0 523558.0 524764.0 524280.0 524618.0 524331.0 524869.0 523600.0 524991.0 523318.0 524068.0 523872.0
1048576.0 524184.0 525349.0 523760.0 523287.0 523323.0 524581.0 524537.0 524386.0 523661.0 523785.0 524197.0 525048.0 525161.0 523984.0 524032.0 523673.0 523569.0 524614.0 524568.0 523573.0 523721.0 524448.0 523771.0 524272.0 523818.0 524626.0 525479.0 523258.0 523591.0 524266.0 523685.0 524049.0 524335.0 525012.0 523418.0 524703.0 524918.0 523566.0 525369.0 523846.0 524532.0 524774.0 524428.0 524210.0 524207.0 524166.0 524893.0 524364.0 525214.0 523503.0 524188.0 524865.0 524074.0 524716.0 523980.0 524615.0 523798.0 524515.0 524563.0 524305.0 523708.0 523707.0 524586.0
1048576.0 524457.0 524794.0 524336.0 523250.0 523523.0 524226.0 523447.0 524702.0 522980.0 524624.0 524008.0 524261.0 524924.0 524015.0 525039.0 523827.0 524606.0 524282.0 523922.0 524518.0 524729.0 524236.0 524298.0 524667.0 525211.0 523289.0 523725.0 524583.0 524833.0 524105.0 524238.0 524690.0 524460.0 524211.0 523939.0 523879.0 523238.0 524735.0 523676.0 524749.0 523399.0 524559.0 524706.0 523974.0 524303.0 524345.0 523870.0 524224.0 524877.0 524469.0 523846.0 523717.0 524769.0 525343.0 524837.0 523482.0 524595.0 523763.0 525351.0 524550.0 523793.0 523832.0 524265.0
1048576.0 524857.0 524478.0 524171.0 524193.0 524093.0 524587.0 523844.0 524957.0 524970.0 524328.0 524344.0 523876.0 526011.0 524239.0 524482.0 524248.0 523792.0 524402.0 523950.0 524469.0 524461.0 523131.0 523940.0 524468.0 524652.0 524612.0 524341.0 524833.0 524250.0 523415.0 524436.0 523864.0 524142.0 524459.0 524196.0 523612.0 524589.0 524793.0 524819.0 524418.0 524627.0 524123.0 524864.0 523444.0 525204.0 524506.0 524740.0 524716.0 523678.0 523877.0 524380.0 524600.0 524592.0 524698.0 524422.0 525236.0 524123.0 524808.0 524973.0 524161.0 525152.0 523712.0 523654.0
1048576.0 525227.0 524057.0 524715.0 524064.0 524707.0 525277.0 524926.0 523903.0 523605.0 524157.0 524488.0 524361.0 523393.0 524049.0 523706.0 524272.0 524959.0 523837.0 524823.0 523994.0 524536.0 525370.0 524695.0 525293.0 523127.0 524010.0 524615.0 523914.0 523837.0 524330.0 524462.0 524744.0 524358.0 525116.0 524359.0 523825.0 524773.0 524195.0 524422.0 524459.0 524637.0 523832.0 524758.0 524571.0 524807.0 524338.0 524553.0 523972.0 524159.0 525156.0 524008.0 524003.0 524299.0 524737.0 524173.0 524440.0 524272.0 524629.0 523794.0 523959.0 524066.0 523751.0 523441.0
1048576.0 524297.0 523808.0 524272.0 524699.0 524970.0 523878.0 524777.0 524766.0 524450.0 523507.0 524747.0 523926.0 524849.0 524434.0 524773.0 524701.0 523414.0 524133.0 524495.0 523935.0 523681.0 524323.0 524727.0 523336.0 524766.0 524540.0 523554.0 524361.0 524155.0 523976.0 524419.0 524667.0 525109.0 525000.0 524013.0 524280.0 524605.0 523835.0 524356.0 523051.0 525071.0 524793.0 523730.0 524291.0 524197.0 524424.0 524320.0 523548.0 523721.0 523674.0 524785.0 525196.0 524397.0 524288.0 523514.0 524288.0 524615.0 523012.0 523929.0 524249.0 525036.0 524637.0 524484.0
1048576.0 524632.0 523291.0 525030.0 524211.0 524512.0 524840.0 524229.0 523069.0 524344.0 525205.0 524659.0 524497.0 524120.0 523905.0 524977.0 525812.0 523730.0 524300.0 525585.0 524562.0 524105.0 524588.0 524245.0 523565.0 523385.0 524519.0 524206.0 524406.0 523918.0 524025.0 524164.0 524786.0 523404.0 524410.0 524616.0 523891.0 524697.0 524756.0 524179.0 523996.0 523147.0 523732.0 524720.0 523742.0 524362.0 524121.0 524437.0 524586.0 524223.0 523883.0 524074.0 524218.0 524682.0 523819.0 523726.0 524836.0 524018.0 524767.0 525227.0 524631.0 523789.0 525328.0 524481.0
1048576.0 524662.0 524690.0 524271.0 523535.0 523781.0 524232.0 524549.0 524062.0 525410.0 523770.0 524445.0 524754.0 524241.0 523660.0 523828.0 524834.0 524679.0 523764.0 523699.0 524023.0 524766.0 524181.0 523461.0 524403.0 524085.0 523551.0 523161.0 524223.0 524946.0 524349.0 524328.0 524916.0 524141.0 524312.0 524929.0 524375.0 523764.0 524660.0 524380.0 524654.0 524226.0 524465.0 524243.0 525010.0 524391.0 524832.0 523780.0 524656.0 524251.0 524084.0 523790.0 524097.0 524732.0 523569.0 524080.0 525120.0 523843.0 523859.0 524343.0 523612.0 523941.0 523488.0 523801.0
1048576.0 524561.0 524366.0 524621.0 523948.0 524039.0 525266.0 524305.0 523785.0 524202.0 523816.0 525214.0 524587.0 524669.0 524104.0 524635.0 523858.0 524937.0 524615.0 523829.0 523766.0 525377.0 524960.0 524101.0 524542.0 524561.0 524760.0 524523.0 523810.0 524136.0 524438.0 524711.0 524731.0 525291.0 524001.0 524084.0 523842.0 524308.0 524084.0 524707.0 524313.0 524938.0 523647.0 524919.0 524826.0 524109.0 524342.0 523992.0 524073.0 524117.0 524334.0 524049.0 523452.0 524729.0 524187.0 524682.0 524572.0 523757.0 524017.0 524590.0 524088.0 524172.0 525025.0 524253.0
1048576.0 524482.0 523461.0 524692.0 524157.0 523878.0 524088.0 523924.0 525013.0 524088.0 523820.0 524042.0 525100.0 524158.0 524732.0 524815.0 525048.0 524152.0 524839.0 524618.0 523675.0 524036.0 524279.0 524417.0 524226.0 523832.0 524383.0 523871.0 525117.0 523826.0 523928.0 523788.0 524937.0 524080.0 524630.0 523556.0 524110.0 524698.0 523781.0 524391.0 524349.0 523906.0 523167.0 524174.0 523204.0 523987.0 523923.0 524420.0 524232.0 523485.0 524579.0 524812.0 524770.0 524393.0 523853.0 524845.0 524305.0 523548.0 523825.0 524498.0 524939.0 524512.0 523983.0 524208.0
1048576.0 523717.0 523301.0 524636.0 525303.0 523830.0 525020.0 523584.0 523519.0 524387.0 525021.0 524342.0 524626.0 524867.0 524522.0 523963.0 524364.0 523594.0 524508.0 523718.0 524970.0 524078.0 524779.0 524482.0 524460.0 524842.0 524114.0 525041.0 524517.0 523605.0 524003.0 524319.0 524749.0 524364.0 524194.0 523912.0 524391.0 523741.0 525004.0 524499.0 523874.0 524208.0 524236.0 524313.0 524349.0 524359.0 524113.0 524116.0 523878.0 524068.0 524000.0 523916.0 524881.0 524190.0 524288.0 526695.0 524047.0 524071.0 523672.0 523502.0 523206.0 524206.0 524379.0 524551.0
1048576.0 524491.0 523886.0 523633.0 522977.0 524778.0 524531.0 524416.0 524780.0 524153.0 524104.0 523697.0 523922.0 524498.0 523117.0 524284.0 524187.0 524080.0 525175.0 523803.0 524798.0 524482.0 525320.0 523483.0 524509.0 524064.0 524235.0 524055.0 524470.0 524333.0 525112.0 525044.0 523533.0 523084.0 524659.0 524270.0 523867.0 524487.0 523782.0 524407.0 523428.0 523613.0 524733.0 524421.0 523040.0 524935.0 524388.0 523942.0 524572.0 524068.0 523847.0 524726.0 523631.0 523844.0 524530.0 524601.0 524143.0 523464.0 524700.0 524993.0 524588.0 523138.0 524310.0 524546.0
1048576.0 524164.0 524676.0 523346.0 524542.0 524333.0 524280.0 524515.0 524617.0 524309.0 523915.0 524592.0 524160.0 523239.0 523915.0 524441.0 523355.0 524631.0 524424.0 524310.0 523845.0 524443.0 524188.0 524016.0 524451.0 523769.0 524112.0 524262.0 524105.0 524295.0 524859.0 524483.0 523666.0 524147.0 523791.0 524161.0 523250.0 524190.0 522891.0 524800.0 523550.0 523800.0 524193.0 525079.0 524432.0 524220.0 524386.0 523448.0 525120.0 523489.0 525000.0 524212.0 523840.0 523839.0 523549.0 523923.0 524614.0 523967.0 524123.0 523364.0 524192.0 523993.0 523700.0 524295.0
1048576.0 524526.0 523969.0 523526.0 523715.0 524158.0 523769.0 523514.0 524407.0 523059.0 524403.0 524003.0 523842.0 523733.0 523777.0 524065.0 525337.0 524099.0 523780.0 525036.0 523974.0 524285.0 523288.0 523240.0 525022.0 524860.0 523435.0 523025.0 523808.0 524473.0 523990.0 524246.0 524998.0 524873.0 524888.0 524143.0 524573.0 524007.0 524595.0 525694.0 523608.0 524510.0 524167.0 524233.0 524084.0 523860.0 523510.0 523822.0 524594.0 523752.0 524854.0 525053.0 524671.0 524110.0 524528.0 522881.0 524782.0 524740.0 524421.0 524027.0 523440.0 524319.0 523574.0 524082.0
1048576.0 524555.0 523861.0 525060.0 524702.0 524955.0 524622.0 524351.0 524511.0 523760.0 524123.0 524497.0 524008.0 523519.0 524189.0 524552.0 524122.0 524187.0 524437.0 524161.0 525616.0 524571.0 524246.0 524396.0 525324.0 524621.0 522988.0 525292.0 524537.0 524233.0 524829.0 524812.0 524396.0 523589.0 524231.0 524235.0 523718.0 524052.0 524094.0 524471.0 524468.0 524153.0 523097.0 524690.0 524553.0 524329.0 523491.0 524186.0 524545.0 525562.0 523733.0 524758.0 523769.0 524358.0 525288.0 524625.0 524483.0 524178.0 524227.0 525021.0 524880.0 524445.0 524844.0 524771.0
1048576.0 525029.0 524351.0 524073.0 524775.0 525288.0 523587.0 524527.0 524112.0 524681.0 524112.0 523663.0 524967.0 524418.0 524768.0 524522.0 523826.0 524864.0 524119.0 524325.0 524433.0 524297.0 523454.0 524452.0 523722.0 524992.0 524424.0 524202.0 523985.0 524143.0 523518.0 523893.0 525027.0 524775.0 524096.0 524795.0 524384.0 524322.0 524384.0 523802.0 524150.0 523606.0 523996.0 524823.0 523999.0 524221.0 523785.0 524837.0 524923.0 523340.0 524273.0 524567.0 523663.0 524264.0 524467.0 524003.0 525331.0 523225.0 524329.0 524559.0 524496.0 524142.0 524538.0 522665.0
1048576.0 524131.0 523481.0 524991.0 524243.0 524061.0 524544.0 523847.0 523901.0 524758.0 524306.0 524926.0 523272.0 524523.0 524974.0 524487.0 524096.0 524230.0 524459.0 524427.0 524224.0 524270.0 524009.0 523788.0 524012.0 523610.0 523951.0 524720.0 524482.0 524507.0 524124.0 523979.0 523853.0 524609.0 524906.0 524843.0 524962.0 524155.0 524211.0 525054.0 524166.0 524058.0 524223.0 524311.0 524399.0 523984.0 524596.0 523958.0 524327.0 523827.0 523701.0 524026.0 524610.0 523973.0 524221.0 524235.0 523685.0 524130.0 524456.0 523902.0 524900.0 524696.0 524357.0 524924.0
1048576.0 523959.0 524427.0 523029.0 524826.0 523051.0 524042.0 524058.0 524488.0 524687.0 524199.0 524824.0 525072.0 524380.0 524189.0 523890.0 524548.0 523638.0 525203.0 525094.0 523969.0 524404.0 524357.0 524798.0 524964.0 523133.0 524340.0 523381.0 523868.0 524429.0 524511.0 524488.0 524466.0 523393.0 524393.0 524775.0 524468.0 523840.0 524192.0 523843.0 524543.0 525222.0 524031.0 524859.0 524438.0 524135.0 524060.0 523898.0 524481.0 524061.0 523998.0 523546.0 524547.0 525140.0 523289.0 524510.0 524075.0 524782.0 524596.0 525390.0 523854.0 524054.0 524129.0 523893.0
1048576.0 523586.0 523797.0 524238.0 524966.0 522936.0 523842.0 524896.0 525548.0 524079.0 524469.0 524303.0 524408.0 523925.0 524242.0 523969.0 524787.0 524498.0 523223.0 524010.0 523536.0 524759.0 524506.0 523468.0 524668.0 524971.0 524561.0 524593.0 523872.0 524698.0 523201.0 523590.0 525286.0 523162.0 523948.0 523904.0 524172.0 524138.0 523918.0 524627.0 524038.0 524143.0 524472.0 524004.0 524086.0 523473.0 524060.0 525482.0 524907.0 524365.0 523669.0 524119.0 524341.0 524995.0 524346.0 524314.0 523888.0 525449.0 523840.0 524342.0 525242.0 524124.0 524917.0 524556.0
1048576.0 523634.0 524682.0 524083.0 524300.0 524490.0 524515.0 524686.0 524605.0 524891.0 525044.0 524001.0 523683.0 524163.0 523398.0 523364.0 524738.0 525170.0 524930.0 523357.0 525261.0 524335.0 523712.0 524136.0 524448.0 524020.0 524716.0 525105.0 524127.0 523626.0 524556.0 523992.0 524453.0 524306.0 524455.0 524629.0 524120.0 523690.0 523756.0 525362.0 524069.0 524541.0 524050.0 524066.0 525386.0 524437.0 524321.0 524865.0 524087.0 523966.0 523605.0 524715.0 523726.0 524243.0 524173.0 524644.0 524833.0 525008.0 524647.0 524100.0 524079.0 524135.0 524007.0 524085.0
1048576.0 523629.0 523131.0 524559.0 524469.0 524263.0 524666.0 523955.0 523702.0 523876.0 525070.0 523997.0 524984.0 524135.0 525094.0 524538.0 525052.0 524548.0 524829.0 523541.0 524590.0 523952.0 524203.0 524990.0 524709.0 524107.0 524164.0 524955.0 524476.0 524215.0 524534.0 522874.0 524694.0 525203.0 523313.0 523857.0 524910.0 523916.0 525376.0 524366.0 523764.0 524728.0 525453.0 524309.0 524582.0 524134.0 524323.0 524502.0 524254.0 523725.0 524141.0 524154.0 523389.0 524926.0 524296.0 523650.0 524859.0 524788.0 523950.0 524237.0 524551.0 524103.0 524551.0 524478.0
1048576.0 524456.0 523621.0 523996.0 524713.0 522792.0 523994.0 524442.0 524499.0 524876.0 524381.0 524046.0 524287.0 525199.0 525026.0 524601.0 524798.0 524431.0 524416.0 524314.0 524666.0 524327.0 524626.0 524445.0 524036.0 524325.0 523819.0 524551.0 523975.0 524567.0 524579.0 524116.0 523411.0 523186.0 525661.0 523885.0 524463.0 524557.0 524893.0 523961.0 524550.0 524381.0 524491.0 523907.0 524244.0 524667.0 523470.0 524316.0 523373.0 523968.0 524136.0 524687.0 524469.0 524438.0 524349.0 524536.0 524625.0 524849.0 524415.0 525136.0 523943.0 524195.0 523675.0 524088.0
1048576.0 524881.0 523432.0 523677.0 524378.0 524782.0 524662.0 524531.0 523425.0 524551.0 524009.0 524741.0 523826.0 524809.0 524087.0 524545.0 524498.0 523669.0 523876.0 523690.0 524757.0 524919.0 524459.0 524822.0 524946.0 524470.0 524078.0 525467.0 524440.0 525179.0 524651.0 525151.0 523638.0 523966.0 523721.0 523723.0 524581.0 525498.0 524054.0 523824.0 524647.0 523868.0 524142.0 524367.0 524302.0 524325.0 524842.0 524271.0 525128.0 523635.0 523906.0 525356.0 525781.0 524445.0 524089.0 523813.0 524039.0 524993.0 524690.0 523701.0 523360.0 525029.0 524984.0 523559.0
1048576.0 524383.0 524885.0 524012.0 524110.0 524763.0 524528.0 523985.0 524813.0 525219.0 524150.0 523223.0 524245.0 524418.0 524892.0 523998.0 523849.0 524458.0 523524.0 524540.0 524452.0 524587.0 524590.0 523571.0 524322.0 524561.0 523826.0 524095.0 524748.0 524389.0 524238.0 523714.0 524197.0 523808.0 524188.0 524260.0 524586.0 523994.0 523962.0 524138.0 525111.0 524819.0 524113.0 525016.0 525465.0 524061.0 524325.0 524292.0 523329.0 524530.0 523344.0 524589.0 524664.0 524905.0 524878.0 525522.0 524686.0 523943.0 524374.0 523900.0 524210.0 524535.0 524056.0 524552.0
1048576.0 524417.0 523500.0 525297.0 523727.0 523596.0 524867.0 524144.0 524362.0 524856.0 523709.0 524660.0 524727.0 524361.0 524118.0 524125.0 525006.0 523895.0 524017.0 524212.0 523395.0 523414.0 523819.0 524072.0 524418.0 523959.0 524594.0 524204.0 524633.0 524129.0 524228.0 523641.0 524669.0 524665.0 524071.0 525117.0 523726.0 523433.0 523887.0 523000.0 524570.0 523706.0 524676.0 525123.0 524703.0 523728.0 525173.0 524126.0 523742.0 523607.0 523695.0 523936.0 523955.0 525098.0 524507.0 524505.0 523488.0 525424.0 523810.0 524386.0 524153.0 523879.0 524039.0 523820.0
1048576.0 524919.0 525372.0 524279.0 523806.0 523033.0 524074.0 524736.0 525027.0 524520.0 524380.0 524186.0 524264.0 524021.0 525340.0 524091.0 525022.0 524058.0 524622.0 524176.0 524230.0 524427.0 524336.0 524103.0 524156.0 524779.0 524790.0 523135.0 524447.0 524587.0 524324.0 524837.0 524556.0 523536.0 523633.0 524258.0 524594.0 524504.0 524006.0 523938.0 524936.0 525445.0 524401.0 524374.0 524270.0 523680.0 525786.0 523167.0 524573.0 524845.0 524736.0 523840.0 523821.0 524337.0 524299.0 524020.0 524686.0 524590.0 524429.0 523630.0 524670.0 524628.0 524332.0 524892.0
1048576.0 524192.0 524646.0 523764.0 524266.0 524693.0 524387.0 525147.0 525481.0 525000.0 523641.0 525002.0 524879.0 525246.0 525241.0 523658.0 524776.0 524801.0 523368.0 524441.0 523914.0 524617.0 524600.0 523855.0 525366.0 523849.0 524296.0 524875.0 525314.0 524964.0 523600.0 524302.0 524834.0 523947.0 525215.0 524138.0 525237.0 524265.0 524283.0 524130.0 523779.0 523418.0 524265.0 525186.0 524691.0 524827.0 524535.0 524001.0 525164.0 523706.0 524293.0 524022.0 524245.0 524255.0 524200.0 523522.0 524024.0 523966.0 524300.0 523564.0 523978.0 524977.0 522551.0 523821.0
1048576.0 523872.0 524369.0 523650.0 524647.0 523426.0 524542.0 524074.0 524127.0 523860.0 524622.0 524338.0 524488.0 524264.0 524047.0 524519.0 523557.0 524200.0 524927.0 523942.0 523968.0 523998.0 524533.0 524117.0 524231.0 524593.0 524968.0 523953.0 524503.0 524377.0 524339.0 524076.0 524432.0 524631.0 523800.0 524540.0 524474.0 524477.0 523643.0 525067.0 523998.0 524843.0 525111.0 523444.0 523715.0 524189.0 525102.0 524706.0 523336.0 523899.0 524478.0 524403.0 523855.0 524021.0 524929.0 524074.0 523748.0 524440.0 523390.0 523913.0 523850.0 523748.0 524165.0 524302.0
1048576.0 523554.0 524392.0 524411.0 524313.0 524431.0 523896.0 525182.0 524629.0 523837.0 524190.0 524837.0 523903.0 524811.0 524183.0 524221.0 524915.0 524469.0 525152.0 524832.0 524350.0 524062.0 524960.0 524200.0 523598.0 523678.0 523660.0 523810.0 524552.0 523777.0 523520.0 524204.0 523288.0 524622.0 523905.0 523816.0 523817.0 524375.0 524758.0 523081.0 524748.0 524212.0 523327.0 524065.0 524520.0 523573.0 524441.0 524004.0 524261.0 524035.0 523887.0 524357.0 524244.0 523932.0 523627.0 523621.0 524157.0 523571.0 523741.0 524449.0 524184.0 523790.0 523983.0 525152.0
1048576.0 523776.0 523343.0 524120.0 523752.0 524140.0 524360.0 525046.0 523863.0 524705.0 524146.0 524796.0 524294.0 524037.0 524813.0 524562.0 524139.0 524707.0 525153.0 524471.0 525229.0 524393.0 524409.0 524883.0 524965.0 524558.0 524966.0 523989.0 524739.0 523316.0 524897.0 524100.0 524602.0 523822.0 525042.0 524394.0 524308.0 524683.0 524538.0 524177.0 523728.0 524830.0 525266.0 524643.0 524586.0 524207.0 524256.0 523652.0 524409.0 524413.0 523947.0 524039.0 524187.0 523946.0 524087.0 523656.0 524110.0 524645.0 524256.0 523867.0 523976.0 523661.0 523828.0 525029.0
1048576.0 523402.0 523800.0 523847.0 523803.0 523474.0 523910.0 524766.0 524483.0 523935.0 524073.0 523497.0 524330.0 524415.0 524003.0 524015.0 524252.0 524724.0 525053.0 524392.0 524313.0 523927.0 524530.0 524709.0 524658.0 524620.0 524473.0 523548.0 524872.0 523919.0 525394.0 524450.0 524363.0 524657.0 524043.0 525154.0 525151.0 523855.0 523543.0 523241.0 524535.0 524094.0 524196.0 523699.0 524677.0 524041.0 523379.0 524770.0 524119.0 524924.0 524504.0 524677.0 524501.0 523851.0 525718.0 524989.0 523373.0 523973.0 524365.0 523857.0 524604.0 524142.0 523714.0 524546.0
1048576.0 524749.0 523788.0 523829.0 523448.0 524382.0 524440.0 524312.0 524230.0 523728.0 524811.0 523812.0 524169.0 523916.0 523759.0 524097.0 524471.0 524271.0 524945.0 524426.0 524219.0 524619.0 523804.0 524559.0 524147.0 523618.0 523961.0 524445.0 523935.0 524825.0 524003.0 523790.0 524511.0 524618.0 524888.0 524683.0 524214.0 524351.0 524595.0 524508.0 524053.0 524333.0 524132.0 524957.0 523963.0 524352.0 523352.0 524158.0 524697.0 524287.0 523492.0 523562.0 523913.0 524711.0 524138.0 523867.0 524244.0 524586.0 524084.0 525094.0 524124.0 525027.0 524096.0 524433.0
1048576.0 523309.0 523385.0 524219.0 524102.0 525856.0 524593.0 524005.0 523507.0 525352.0 524791.0 524729.0 524487.0 524202.0 523773.0 524616.0 524075.0 525324.0 524415.0 524511.0 524123.0 524553.0 524065.0 523669.0 524806.0 524181.0 524119.0 524789.0 524596.0 523939.0 525087.0 523419.0 524063.0 523340.0 524359.0 524275.0 523869.0 524514.0 524555.0 523893.0 524594.0 524604.0 524061.0 524616.0 524354.0 524159.0 524651.0 523888.0 524069.0 524350.0 524512.0 524359.0 524879.0 524762.0 524044.0 524746.0 524247.0 523707.0 525299.0 524895.0 524238.0 524036.0 524132.0 523564.0
1048576.0 524813.0 523573.0 523807.0 523603.0 524739.0 523911.0 524865.0 525086.0 524735.0 524479.0 523737.0 524042.0 524250.0 523844.0 524440.0 524160.0 525136.0 523561.0 524001.0 524635.0 523763.0 524774.0 523846.0 524112.0 524211.0 523454.0 524235.0 524186.0 524503.0 524682.0 524169.0 524196.0 525001.0 524161.0 524009.0 524002.0 524639.0 524574.0 524046.0 524283.0 524429.0 523294.0 524846.0 523368.0 524042.0 524036.0 524629.0 524391.0 525521.0 525132.0 524335.0 524620.0 524363.0 524500.0 524239.0 523225.0 524494.0 524280.0 524039.0 524382.0 524930.0 524043.0 524230.0
1048576.0 524341.0 524248.0 524037.0 524497.0 524475.0 524668.0 523976.0 523628.0 525067.0 523806.0 524759.0 523614.0 524035.0 524681.0 523450.0 524784.0 525363.0 524568.0 525471.0 524035.0 525010.0 523612.0 525056.0 523877.0 524433.0 523713.0 524025.0 523810.0 524626.0 523493.0 524317.0 525894.0 524417.0 524032.0 524667.0 523313.0 524230.0 525425.0 524241.0 524087.0 523313.0 525133.0 525401.0 524359.0 524305.0 525082.0 523585.0 524885.0 522976.0 524890.0 523913.0 524575.0 523024.0 523518.0 523853.0 524685.0 523248.0 523487.0 524787.0 523737.0 523701.0 525066.0 524061.0
1048576.0 524775.0 523772.0 524625.0 524338.0 524065.0 523920.0 523958.0 523742.0 523277.0 524991.0 524391.0 523674.0 523767.0 524722.0 523230.0 524322.0 524047.0 523528.0 524120.0 525170.0 524600.0 524434.0 523266.0 524500.0 524417.0 524559.0 523873.0 524341.0 523769.0 526183.0 524462.0 523705.0 525144.0 524919.0 523420.0 524461.0 524369.0 524840.0 524020.0 524672.0 524683.0 523701.0 523996.0 523746.0 524361.0 524249.0 525036.0 524462.0 524422.0 523976.0 523934.0 523900.0 524652.0 524828.0 524029.0 524667.0 525041.0 525454.0 525087.0 524110.0 523324.0 524322.0 524092.0
